9068.396608383062 9606.117292066045 7368.931636305227 2886.971607806713
4416.296093953889 6195.548895910961 8050.131035252064 3189.147273442221
7751.474495479795 2066.978120618952 1599.2035655775348 9303.058571706866
736.4635090594462 9011.686625774415 2488.093232479954 7177.941205245563
2718.055512511464 9717.664441758101 2849.4162041444115 794.6301360852892
3447.746549150229 6512.11079969937 7321.9838533351185 5595.738660955422
3857.605339378889 1662.9740809811988 5477.852602231703 5907.6380689460675
4602.133907589111 449.8797273413424 9023.330958580718 4683.514655477483
9660.963064588974 6447.205288232769 5115.455273557695 2467.4660645335566
7493.994442568715 3066.771628796181 8224.291620466463 705.2351420578284
8651.5297871787 1565.6524876439248 9153.376229239357 1727.6587452412318
8862.285387580963 4474.868760727746 9553.062771600147 9066.811397275964
374.5584368845634 1552.8050343170264 955.0306079952553 5523.102559979132
1133.9170587616065 219.90764008339104 9335.267102616444 5692.340639601012
1122.4714742906306 4629.204366568227 1771.8309115661768 8719.904022981274
5337.46983126268 3759.545526106608 5589.505683409125 6665.762563097622
9739.068282439159 8553.516854556545 2538.0598777704 551.480182329136
6416.940623591429 7911.024759155874 983.8686004426767 6405.237400135376
1497.7060335682568 5664.789862913153 2495.885661929009 4066.982001139581
7393.49748271763 5091.933550199875 8330.608921268433 1009.2501371105933
28.588386174832614 1347.7256616429688 5180.870034229751 8804.368039634934
1214.5225759073708 3007.155829084285 8136.268735177708 4010.154319831778
1891.7697974413495 5505.878728992931 892.0201178029497 7986.650539937907
8514.078203636262 932.3070210061945 1453.2222514744142 9689.350274141723
5729.828941412778 6275.635710539995 683.0114965370659 4507.706495047906
6245.111787097857 7256.265410470647 7620.500623541119 8422.100550435956
7027.776959640372 4453.448166352474 2701.9625944235713 987.3915332965466
7532.389695447364 2510.279878171474 8345.424352443191 252.93726682897977
1557.3162927473873 193.50449343536468 7686.94757482153 3368.8211911283383
3022.2780355319433 2852.9078172010168 1348.4626155679791 5069.9577302099215
9826.855769946107 3681.9613616487622 6105.959379215139 4304.521126982403
4847.550518692093 7726.525044253017 9885.39069832777 4212.270535493896
7264.892807609661 3779.8419625299694 3532.377489248506 1908.4612691413583
1252.0531314916605 9742.296402446582 3984.2937739959784 4479.649303151644
3186.3474224606393 5186.017025927206 7299.910893518373 9006.193205173882
2580.0781300796407 6779.4592653322425 7713.894627558583 7090.687623995315
7104.526541977811 1952.704172458869 546.8668249612241 707.7813408887923
794.0463257683739 3753.631321351861 4934.5314907706215 9040.713763820793
6284.521825235774 427.10824937855716 6486.361761824099 8544.38647713867
3949.4427298839796 2525.491967797128 6939.685693987107 8386.831024730824
18.976954700399283 3774.170924146386 2768.5169941108634 8253.28366001758
9662.797781235453 7863.319387045382 2504.2140961025725 1227.9601224636117
6564.792418127659 7443.963325232412 2002.9329106769644 2554.5693405311563
472.6692566175528 539.1535205031572 4910.133034678566 7157.810711275109
5527.074421408017 1945.5035973238432 6487.750785067691 9248.92212831816
2022.0420238573001 7740.961306153175 1415.8223581337736 6582.250017258765
2902.894009413245 9351.83556276867 8036.926941720869 3561.0188323816096
1052.5358137205342 7044.123609236579 5903.5165538922665 4307.311510418449
8059.433350061814 4633.014431550755 7441.2234484856635 4695.369181135373
3575.9285098616133 9648.968345189187 7661.581389466851 4227.231176195706
2800.6242940808556 5502.959565995258 7974.377714802689 1351.5196859536604
4844.302131566493 2282.3693084017973 7362.191260319924 2597.1241569226445
5449.119751718189 9989.84773758925 3208.467980674612 2260.451212340995
5450.659070393324 6137.205006793023 7238.487714650604 6612.131112285301
5740.688493989521 7336.207957299715 6776.897930835315 8507.30213007422
3052.158206885945 7316.490742342794 7103.9572223159585 4932.142715584703
3860.048721172774 7683.144531582392 5354.292453643742 3764.4468946108123
2804.4979228007837 2114.085342075337 6621.957678164729 2473.9075597286565
7732.6480878250195 8211.259299127716 6530.850076273236 9750.691164270225
5878.285789545339 946.8956653468408 3756.694306135834 3532.3545813779656
4948.311765513414 6436.982912965223 1361.1942372385677 5966.772899535205
9092.873932895245 9326.069067181992 9335.877334936898 8510.389383149146
7950.375282881621 694.3661661513889 9734.63387751483 5484.895397743285
6730.242525936015 3327.1226654146967 1396.3659476618996 6469.772414716486
886.9878258632458 8121.585950766589 759.9588603749352 5347.975143505683
9406.50078271693 5414.366547443224 4929.5002942961955 4327.144532278056
2307.7217133794757 8559.929748740562 6743.334503455628 5400.531687510187
4784.802905949275 2221.6322248233346 5189.779882044429 6800.477844848987
985.1271940748185 7845.248223502152 9108.789097061755 7268.092962350789
884.6934763799142 6390.795099833501 9135.360821882618 1242.9999057707596
978.017890823466 5653.845949674717 1009.2811547018388 2392.8798413269246
4160.957790043522 3455.781586212996 7049.402264535376 666.3050391170755
5544.398616133957 7843.784991923716 9699.040214398181 4271.774485965474
6748.763494762868 9939.292330816961 1408.408385966713 3467.660216902679
4826.748946728886 459.6565379888451 7029.615055478421 414.8347596097546
3075.363769302226 832.9298302984367 8020.290113677404 5169.0863435038755
7497.716812375009 1799.9055227028416 6652.971220504218 1384.3366485552322
7946.924592896862 2230.629567827893 478.58015483546956 8859.78963392093
309.8189600868895 5765.567006234731 7242.968977529127 5787.847457054027
8980.092725821036 7253.7027410310275 1880.9302007281847 1049.5859311172085
9704.376762632783 8077.918433148265 517.025749126323 3237.2810409079266
9258.715203032432 9219.092738859186 1823.829578424736 7780.46777241773
6446.062873338475 187.76584431623888 1696.775702624762 2722.441925153131
4579.748489653333 8150.411433400188 9176.69931644053 9374.5606141059
1461.2026632677232 2636.000991738864 3363.439225479623 6033.812688042627
3628.2317746501512 8580.254611072733 5608.963559716392 1596.0241756694638
6927.612559061334 2468.64799834697 6456.242011425493 3733.8961959634107
4807.412857411705 3546.3906023142977 2163.446841777168 5598.0335213350445
3909.217644765779 7811.405603219975 3945.662022272167 4479.335329609836
6768.95206108051 2144.772919810692 6676.656997656374 9042.79295006293
8235.764018002757 9469.342183711056 2790.6720600486356 9366.978849315505
6703.584684606755 2740.2887427923174 6991.810442885118 6085.789142234993
5661.990839572087 7505.266723318065 9174.679706787194 4321.910291844469
1135.4936688234375 6477.458160618978 7150.6233662027325 5664.670574545177
6672.08913623341 2821.7059599452423 3235.2976563202005 4934.267235764711
518.6030277722575 6285.19020861535 3923.1768611094344 5134.71801292185
8190.87316684155 7655.5658867957545 943.650180459954 2288.398685971048
2655.8065366406836 2176.287019243819 9585.214313519458 5805.805302004002
7152.58877202803 4836.2511309493775 4850.909594743931 1798.956472638843
4934.243060028121 8064.1830706452165 4886.414421971065 772.0960921762088
8674.708396057467 1726.2922905079758 2473.5800477552593 4441.645543851201
3481.9235980297967 9885.411716281953 424.23334313771767 789.7170816402244
8659.163733329144 55.8258996272476 1325.855289779142 9182.529409371946
1600.5437928530487 8057.285528784661 7195.259710779712 2980.2907286140658
6581.25051451012 2768.933514921671 9436.268091317577 8929.983941635604
6982.692170364781 6184.208410354844 4646.572987029081 1671.7157511855762
8129.925563847219 7564.384966978219 6044.527244967837 7659.794880567168
3619.544078686888 343.9159410207526 9927.338069492333 5253.506866836053
8837.706773308017 144.88743615880816 666.3201511381301 485.7290263950109
4775.9420631905905 6476.023903285241 4864.352211459133 1382.7693838353828
1431.0682600892765 5038.59358823965 4381.346826394676 8268.46638094307
3799.3405695256633 9986.954477507206 4797.2889538840645 6398.209853221829
3514.3433644704614 275.0085309582073 3280.717802020261 8966.023952936128
3701.0347494045636 2162.51555897524 6427.777481804406 2020.577293478497
9440.357290105208 7847.491452205812 8023.926395883815 8741.425344760397
9771.997635437567 8250.190175403566 2030.8702700427007 2961.413046478316
629.1362201023853 3930.6115519148575 476.8693833698856 1364.6943211547514
2610.85844579946 7252.940664758452 1931.5669532267666 2254.7708296510004
9078.225061543484 3383.3991138799747 7408.6598009505315 3559.0933905706665
832.4481316894417 6593.557387483593 2746.4277682717775 4108.240310158295
5100.602488638674 2985.113188028261 4923.1633743450775 6965.118836599833
1046.3719205861144 442.5684200892399 9636.774843611915 3200.017111071767
3215.8608266181877 9427.446506531569 2993.364595419218 8654.237869420554
3290.010171587322 9181.519872230181 1821.8683349456421 882.0128286889006
2952.082889163089 3570.760542815137 3960.604192851064 8937.909740563528
2142.213723529187 7098.805820008109 8599.12533754606 761.8382778374299
8067.6154641812245 170.7187505950003 7683.133265319857 1000.6741196617919
1432.3320774968017 4068.8526811106963 4733.908895356009 7263.62449844215
3835.945269960848 7516.625066294029 5543.940510991899 7045.759514720885
1484.9254200952366 177.98148480708153 8402.98143590218 1535.5063261716507
7912.524419014537 7472.817809518996 2626.1286810882602 1483.4153298740694
9821.52561025402 2186.8307281581287 1826.4252620586462 3375.5978749354954
1883.8967399024632 7491.92358474992 8725.801093626193 5377.092117633197
2439.335401980498 3797.9959738483803 4969.39599278484 8467.651977531665
8922.745468699417 5188.980418152799 8643.426739949138 8360.85531519753
4189.465741520071 7719.900525816259 5284.400687113655 6716.828833373516
9934.776094708575 4442.003623053505 3234.9520822123823 2461.770912617862
2289.046614204834 3694.6091108528244 9394.449606277452 4632.697780368165
5215.052746475211 8280.076708315086 4754.115522291367 1722.8813463455717
8251.861303719013 9027.257236926884 4926.216770534557 7111.804772385825
6209.3715725720585 8369.430223552736 3145.157304608318 6632.743811322781
4881.316193165234 9718.53944318324 6964.857994437252 4350.1834609828475
8661.978837160363 8150.861819430257 8392.05657809151 2284.7803893507403
2713.963480751389 6033.103100054423 2983.432832566515 8811.08471252346
8680.173167377578 5633.168447093928 4360.316913453509 4424.975769718561
3797.030690111476 9754.371343439072 5073.841118232819 97.50521655798927
4566.543425656764 6242.881416198188 3799.6238756400226 5040.593892990567
4194.085726932019 7335.71988714793 1351.5690455456797 1159.187862072637
8907.434639961342 5571.0563971928095 3030.616402450984 9884.847745787649
1071.6868182149474 8399.672593377529 9944.222635398573 369.2449775901563
2445.5280987106066 1373.2866878873583 5785.494806844361 8261.149204257397
327.3205942749924 5553.2331876094295 2725.9862067493636 4518.240126786356
2548.0834966684406 2982.5685465689676 7738.8589411834655 542.478647301723
6369.622236665101 1796.8157595277667 3857.6665584770108 9630.60556059497
7843.9407008465405 7701.827679831245 8393.274565775839 3649.579068181217
1060.1034537332089 7580.310062656398 303.6920353940331 734.1960976135975
5026.853307765125 1747.4138580015153 5987.670625138678 8361.537391186683
8701.329914727427 4721.959339190833 8480.831636755629 4852.845931556116
2475.4334539535816 8378.93859674781 6263.399490765794 2062.7793961635653
5583.715217411876 7554.242598602571 215.67274615442722 7852.668002291807
917.4801462355431 4478.749782914946 4797.577057928366 9516.347408211825
247.7641861619606 8032.612300132514 8065.49338426578 1501.2859461139228
8106.3496108464915 1396.676862054601 9426.357465003854 7429.936173556114
9291.045186468877 5002.0903488993345 3952.385989565694 8183.445481594189
9427.74852086947 6256.843592584605 1966.9108157361416 1118.0705677193303
1590.157945766557 1531.7225552559398 184.827352858854 2166.7115480187126
9280.026284110112 2516.7951750049356 3672.7872284922323 6962.57844761573
725.9305416478201 123.97598527485786 7074.697160040343 644.3727510728626
1604.6040343109314 6611.263336792225 7548.100042154383 1.4152839488312807
7414.770096553231 9505.115481686551 54.172790589812614 3825.3127794243146
4576.658317124808 7192.695664291798 7878.0977110583835 3467.575716007736
3157.1389236953028 7896.768630510403 506.5856205943808 7594.120606002518
5708.531615679348 1702.21973341663 8864.484445211423 7273.27137441953
249.12061550232733 9961.062919310403 5099.877137105937 866.366190589497
7444.909612410577 1691.0112681335154 2766.031020962649 4945.057493668741
4563.422138355309 2846.435396815333 7739.69483535094 6694.407074957452
6419.584098526519 9300.739651029839 7938.435667996378 9220.308240607192
9342.906688078407 5485.55252484233 791.1977745191278 6837.006662997953
2086.415415186781 6288.221430801808 9384.426112546407 8378.394166315913
30.345375362713646 811.3857530085378 6363.761359555786 6559.746668969414
5449.083354667938 3845.1848103027296 3262.0856163119315 6525.945732183995
1723.6078334069016 1615.67836966361 2299.3831137621755 1530.5160020411179
9671.034488307281 4203.279091894866 2976.2727655367803 4761.625221560527
2331.9399924487607 9975.005665528295 2735.051363761518 2984.9642281493425
9810.098262790681 9241.454225532269 2756.614630968328 2093.680873001139
3970.142015853013 1351.3202304548545 8262.775723358858 6360.255767441362
5714.5548019739535 2455.379960074746 836.8411375528295 4208.269485632111
7175.728312251619 4711.321627244558 2641.596890099429 8438.756640440886
3228.8160905120467 847.0334994806572 4034.922410477243 5791.051407258121
1682.0867891987511 5133.430800419989 6792.554371996185 2537.087175674163
4836.900961720687 5618.480250349838 3983.975513465825 4738.698569852504
1446.4594598060853 151.73665961363048 4606.629827280465 1176.6022315210612
9075.643548025893 8738.307597939078 6173.303148525382 7780.805682467323
9946.50217675931 6748.615952081593 3363.5820635919013 3218.956736763867
9146.334737429603 1954.2995050459422 1109.3745454166014 2990.5131220440994
6222.3212441052765 4187.8038209979195 1381.839564245424 4167.698487458398
8541.234598461606 1638.4676717357127 204.90753462193422 756.8279806490375
143.09128959048456 8082.565414709613 9118.64631436669 8426.553718056126
1474.2644279689298 3031.185279841114 3708.85812883599 8294.347379360088
7665.507756213286 1855.3161246420568 5756.476502491615 4722.0487264493995
1449.7982108943652 3802.124388018858 5254.799178733204 3722.483466121332
2169.7697804414806 7670.976547181575 6482.656574687164 3108.1454131165888
3336.275813059526 9654.140350567579 1187.2873776980887 7013.55160561853
2851.9203025516995 7434.193239179494 227.0518446971026 527.0898586377771
7400.86835985773 2581.6614153208407 5911.380959459083 3630.5278583555078
1729.5111936297747 1525.3467997949222 8577.427103560622 2796.363264241992
3824.8452653048003 6755.644020813153 8946.109011517252 3469.7462272135904
9467.486235094013 2838.1508495680428 8327.659248562475 5656.841268922208
6436.287031270963 2654.967347274929 5319.337375159693 792.0633924336462
6544.191606576579 8013.53190460611 9789.697993069027 5149.736275548507
6995.201008167013 6863.317311766201 3341.2726408328917 7537.349877441679
4865.787186282705 537.710806572359 8740.468630532157 9870.12378077506
1669.368048949854 4579.503917161961 3268.274720098052 5523.813808297648
4421.667942167263 73.01819909912078 1856.75035210483 6286.517754231368
4240.45957466792 1194.2373112824034 1009.2331213398209 900.085652532825
5597.185302684149 2928.958099770127 8939.320471271178 6754.5030443886535
9135.945486638142 3834.513101697766 2818.018896216805 6240.409557779661
3639.338473727292 9688.405805094013 893.0646979007073 9295.688056639818
8508.910648505114 1477.801792422715 8206.819566303366 8257.327869190893
7695.50914958123 8207.798292924057 5924.84805684124 8745.089571367556
8951.405161034498 3320.168832579822 2201.5474544928106 9958.487802898015
8136.860992094963 7541.502498895023 2291.5789025698673 2940.4946045586753
5341.218090112711 9053.891803180488 1707.1193792545746 2885.827130997136
5230.878706114347 5129.024276038691 1295.7787178622737 1102.4631864175005
1742.671899596484 2145.742819063773 22.08069271995905 1157.4965071335885
9679.184762284292 2686.8669546124524 9979.503722328664 5063.191323854562
6138.125964894676 8071.713962026282 5413.107470200404 274.49462429671723
889.5350991664075 2870.8150895620875 3949.939374487478 8071.752195096943
5917.605758716639 6311.012415287232 6817.388926405659 7844.917066961015
5199.823836672163 5556.86423768879 6536.231785927631 2405.298990450647
8540.333036335669 1528.7046041418685 9180.15369526635 2469.3969062022193
3380.839722033361 2946.6638266903565 9338.791405856342 4914.050714036054
818.3017141162608 8983.613252754203 7378.997503299069 1361.670239649394
1158.7053994793039 2269.2527529006943 5199.920191409073 4120.831699674957
6531.762046246727 1072.0371378915893 5531.298281823618 5843.933496240663
810.8444756953104 1144.7774951030765 9532.85902882264 4816.43494202052
8635.663855682486 6609.184571511011 6357.491531775744 2094.509896575569
4188.756545601148 7544.444080788139 5447.926813220872 1820.0572499705136
2166.2856077300817 1726.5252445241142 4137.371707093648 4940.396788963838
2381.7649742582694 1998.4358896233646 3791.886714182132 2381.3570682719974
6682.192495853745 7026.565436033423 4155.197907605569 2287.6502925796394
8941.434725742145 6440.915306570336 7112.567686655362 158.9407910515861
125.02036792720772 3429.4111213456713 9709.410565235354 8674.722361013823
9379.9420718727 8016.882250759859 9271.721013306973 198.45787240842628
1963.6811073843774 6001.2189922508505 3885.5683559783793 7366.206030417033
9287.427684814487 2918.8855017659853 8679.458799875492 3964.465307506909
2397.074054911319 5621.7413479949455 5182.891048493464 3681.800563139338
1504.1757550932477 6204.23962345558 1794.3372464040142 6795.040626891786
7806.636640623102 2539.497428792529 8437.387635770694 1106.790308586354
9962.387689126948 9182.297333008519 3348.5121968492235 4613.504487514384
2632.60211666184 8645.731801327674 7175.765682927525 2900.930461715171
9526.526436978262 4571.0173528930345 2588.3807428787377 3227.136828637627
8512.091938498288 9748.535960476614 5579.521773542664 7841.3018847572575
5391.255916655763 8599.281240377366 1.1783503011741914 6857.3104452441185
5757.859837082458 6740.496681425868 2446.7046192536545 9407.791098015774
6284.865541776092 5320.231495668223 4391.8669142306335 335.5989151493122
9483.59418640769 177.94294182650327 4461.515057756481 6856.014057637555
4373.260503850111 8721.926123456702 7359.1348362493245 5222.1608065211385
597.8518555337165 9812.322828986345 6316.109070678844 5628.4073040711355
4426.843967679264 1199.8902537018275 148.05410743326308 3926.7028589573106
6092.935843329937 6541.319979603465 3716.7628256340004 8559.139829178617
689.2212712373014 6049.2561520047975 4535.29510163507 6424.184640570486
5045.565282819399 8159.224837198596 6223.844257994296 9574.05073790233
728.5195956462886 8163.705432525382 5953.951919622207 1951.4819464381062
6859.450232373962 9021.145941947381 4991.777143858825 1056.326612265558
4471.56038812073 2142.8674916788027 9010.765995339136 8225.590118726044
8797.78263337852 8633.303530679777 5092.035131482975 7008.364256799854
3570.3620673152213 4281.8772760583315 8255.877204525672 3405.083034067197
1776.0941491884007 5356.191001400513 3962.6408836367686 616.2777575074596
2302.8877519847156 9586.16989058379 5703.826084811505 2195.967496869731
7256.196357856775 6746.221459395574 1054.572500975217 4653.68895414475
599.2409541676858 94.75292139020652 3537.5125663473627 5864.438659862463
739.3071304751719 9101.44051404973 8497.84432649117 6804.888587669086
6949.627905135973 7247.508055226494 3068.2783269911974 7544.930603668206
5367.901959211116 8375.050438575443 1743.3660688708196 447.2713308148857
1825.7306045782918 3848.120862172877 471.00329531351906 1583.0139771868778
3531.5782450986553 1828.1712166060627 7377.997132105595 1308.9921761636435
9849.775501863794 1562.1685818182452 404.0519877233606 5988.238371109937
2748.7672334620615 6598.230247655443 1837.2198832094 442.01650441752724
8993.784671758247 3663.2051657840016 7075.893907206615 1448.1140320459995
4120.510124953443 5604.753374818725 7888.030721910739 8286.550415383013
2160.253878676278 9419.542710066062 1846.7901791307152 7110.279115977643
8056.6826434091045 1030.1719584184743 731.7047059598825 2193.894374387523
460.7114721149852 8212.154668060664 8386.656967970537 5040.7238983945135
401.6475800501984 8862.754229479278 2690.1265015974795 9660.552029620563
5031.432915796941 5856.501877082167 6304.348292918209 6834.529563845515
5217.3858614120745 3190.971536993599 5235.193379892815 9723.73226918213
1133.7901806285477 7989.219022358236 355.71023571341453 4566.656455851276
6815.340020083851 6969.588417646113 1182.6811644171232 8261.743168369601
2450.19645448589 9828.458368180203 8014.74861915951 277.8896065818171
726.4177813784822 9492.779354610368 9577.677975713992 825.4008271356195
2522.5605138436667 5634.0813479617755 9933.376777381252 86.4998068163514
4660.891351333706 7505.830836176743 2286.224682071879 5336.534733406293
5056.2104879138915 8731.511344106295 7316.401894278455 1447.8801412373687
1224.992235165685 9515.941137858783 6372.158956017442 6323.40820113766
8564.778518945997 9054.153950176293 3646.7573450271216 358.9126470792825
2935.6354224443903 9649.97963042191 4927.869003352902 7340.876474053167
3883.6673438760804 7403.01856758539 5699.547393445078 3602.092447022891
8226.049078973158 7287.919357116402 1930.4266174674544 8874.931496714333
4405.947440813197 1649.3407260886472 8814.846265846552 1800.1141186607695
1612.2245612070997 3767.305292150115 1616.8375463472319 4600.334125884299
8268.985467857487 8036.133953600165 9319.087745454599 5876.432425673736
2989.572664893301 6441.105020591765 7223.968763102017 8985.87015576893
7155.016228137212 228.4564466028316 3382.569943231515 2136.966275455137
7568.0339744043 8675.90582742787 8003.248222408916 3280.580459057417
6098.715950490217 7653.637117466704 545.406243330141 5380.585049607731
3674.716472069217 990.4010230509175 6518.874654363156 2611.681322491177
7815.156465104028 2507.563608969059 1393.7273823404716 8096.282996660957
9138.024834516309 1375.8267172716198 6894.621410532775 9052.855162241493
3745.217117012165 8066.282541917398 3554.0787401704656 312.5383301097306
4626.7281485018875 168.84847793766755 8811.259294010286 192.55883322692347
5215.645488600592 4877.89344059744 8339.811832339588 4235.092925434955
2165.7728523786736 2348.095240460265 9224.553437178765 8221.390940113024
8445.97750401868 306.7009612976734 3249.918704812266 5993.486944162154
103.73921618177518 4065.6849890118397 1955.2340113390721 6639.100800480906
328.87435256055085 8991.498709278629 4255.077442557985 6745.471268716542
7256.761247908658 3746.5768023166625 5270.299143101558 2148.874896558375
3793.553689468504 780.6350596661493 2225.843203082516 5818.9625716412365
8283.311552842451 3801.077153446256 7292.846542383927 4191.609548826575
5564.906451624003 643.2883350887031 738.0756991884418 2701.071298441774
2873.5320595873336 5670.3046966154925 833.0360538544279 3115.3000205050107
8840.780136778949 6131.202296136752 537.8182880734505 9367.973512025526
5472.649314420116 3948.528186230079 5508.914088281676 838.450644949853
1815.6890931986113 8821.569961581217 812.0319037565927 1367.905770337301
5425.295967056784 2687.475317868234 12.304916875880423 2401.288814199998
449.85618784311174 7361.661942832703 3856.5336278323416 2575.6935573138117
6833.990608593285 9082.049536769471 77.85893502980757 8215.83337864827
9861.46709513326 9866.571603636581 1173.4777916242856 4594.924549551423
1010.362105670275 4857.840247428189 457.84198637312755 392.2989240734331
9989.850132246625 2080.479469885509 5986.108905479429 2986.9060723012553
2992.4978827503724 8166.005494668239 4818.618628156337 6582.853774590199
6724.453941076695 6228.900793838733 3656.022088092169 9171.546339865079
3150.0498023634004 6653.533607951646 6390.247385964893 3665.1717517715842
6246.23921338271 6187.419622266435 319.33976128816767 2429.9489248177765
5042.228395507185 8813.910044556891 5499.035049086404 5448.394823114456
625.2861471472071 9668.114912860574 1697.0833923111816 8124.576411817003
3841.8184379762533 2755.7038115211694 9105.956954949621 5787.697860023029
7892.069310024529 9952.274685919721 980.5333883543199 2688.1209644780747
2640.962611672485 9364.708788592656 6149.300342756019 5521.3297736852555
9581.682401787797 8984.536437089484 3856.41605643933 4364.386092428061
6638.084031380137 1179.928404814402 8613.16496766616 7634.033930763588
2726.3324137656055 7154.929386001209 4201.496720103305 402.15710487054304
5295.072687772468 3627.0545192662908 706.1828653783386 8195.746791251799
6298.1460935310415 4683.93020410479 687.8526416377373 377.08375240429024
4951.540541301195 5385.869424920337 3935.273161771744 6208.419450639656
2173.1204466235963 6704.707364162203 9673.712933891047 2109.562672451136
7432.98344086872 7198.365061959879 5613.263435205717 3497.537654998246
8203.064136730101 2338.819075081865 9456.602125284615 655.3128274189202
1898.797915502256 9516.661812028653 1941.8388406902664 4245.274649802411
1610.6067587981554 9072.30197586325 5114.564572265831 1129.4217342433521
6960.24951098723 617.6203727510543 194.9024658745213 1675.3119413575014
3725.0034724584348 8487.061225143427 7196.792131473893 2208.0377255256935
5312.209451139186 8682.94737677217 5074.22020599869 8609.2904766745
6294.594875832079 8559.671528232491 6938.77934108641 2709.940604659584
8869.77675199769 5797.841479681588 5890.08727229209 8189.032120338925
6756.307696053505 219.15702720503472 428.91729944750875 3385.9128092839474
6612.3339553904625 1037.1633198476836 2417.364732854904 7438.702013690953
9870.626356051978 226.69859370818446 4203.423950297157 1226.0142314177292
6447.570945231275 5494.983568788222 6334.03269721984 326.39168223450366
2203.664672543124 900.4906830230997 4222.5004960297665 988.3298276198427
9673.43445107775 46.252322265407656 3364.3993026958974 2900.5257515763283
3215.7482131219017 1032.523790373019 9941.650230842419 1527.5986786519313
9601.12078307491 7484.802150725658 4111.892980833393 8592.038052407697
424.8190557646603 9930.49144445402 7285.887228119526 6870.806079625712
1488.5064145407623 9070.298242282786 3884.181073068822 8092.575741720827
9960.21948290469 8561.150103354215 5010.711406208703 6478.865976744791
7305.740806896542 4638.357812706238 9163.246381210605 5310.6053134812255
6447.207797416775 498.5976190091856 3965.0280040942766 1870.855771844404
2801.915496072084 9484.268804205714 5443.848984373758 9142.999490291317
296.28544103149966 661.531857576747 3347.3097421654775 7057.109624098995
3125.451297860751 8901.71444245503 772.6634767951523 8765.367077680095
1222.738347650384 5177.1364644245195 7444.731360341178 5133.9708364485605
7053.493689493294 148.8558347920166 5478.814899566194 3949.4981614529524
7842.250464378734 8684.938839663795 3493.7275896022657 3321.8845389177322
3679.110326300339 906.2031285179339 2661.2002291016665 1630.4874005081904
3218.823882204761 3232.619837492723 4925.714193170489 6969.12116065122
9124.710715808566 8358.47488641974 3782.364312810292 6529.032833703887
3978.67911522402 3274.886122718318 385.08600589544864 7119.745597103698
1749.3173888935275 6687.66515430394 2266.2457451755604 7573.715741067763
1789.8178476129233 3162.5524723124386 8927.84908106945 7366.204041289047
3682.129097889075 6788.39778753974 4928.23884342227 3451.183807372652
9913.212511448299 2361.9070163976007 9174.635514788968 9209.706988854014
9536.833553155773 4365.497755591732 860.8202945682431 6931.213222217223
3218.8639283232687 2818.753742042249 9276.18312314186 1626.065969836925
8734.947910563798 9762.028670336498 300.41906724550427 2185.0160483410664
9941.918538201033 5663.920122066466 9270.251976520047 929.7626115777291
9866.58315840768 8883.056574601518 9139.810697495212 9322.2924352535
5742.056060466183 9538.270790212346 7653.194179826851 3204.3325563466474
906.562552644885 3680.0665878606032 4550.764027621951 2880.9751758903603
1872.0151485042302 9006.497409633677 1949.7318436035682 9659.511938854854
8143.765336252174 2280.229718770248 7348.134765812031 2611.045851165321
3428.527839055243 861.0888257866967 6646.839903685391 7891.201187453752
5165.480222668254 4877.263849106988 1150.7623790523446 7577.724614214786
2244.105829570027 5903.276065858227 3521.479647450102 303.36925665070066
3547.6688485835116 1257.4949520100986 4315.437484566197 9246.974614750037
8080.866554192241 9414.953850884263 7408.85918814102 4815.587533115789
1703.9259138955997 6760.192930515492 8773.316088921025 4937.10242820245
1769.775407653039 3257.449056736438 4791.60114126002 6790.902197274437
3492.5368962502425 6287.540328006048 1869.3212647794012 9496.13775668379
9764.523680708759 1106.0721573188648 7493.675567079836 4427.486362462298
3063.1251764774183 1412.2729549490932 9148.26207380472 9342.087355404532
4242.622805137631 3208.811462886647 1468.0354340787771 9800.800210445459
3393.060500789076 5346.884183687438 9840.37451039039 5768.289772470543
3790.9389286205364 1966.0475435761527 1395.7294702756396 6348.244194820696
9101.069908095289 7504.0222426500595 3895.1522439815635 1416.3772578620203
9085.489642868548 5365.447303843795 524.8027370155605 8793.048042156692
7501.434879209043 761.4006037764553 6569.305773127079 3903.6260451145968
5409.617065978751 6495.9476247842895 139.83923120861164 4769.782631804516
8683.37388684312 3759.468682980124 3000.089249415233 6400.828124954632
9102.663075442144 5820.666430782552 1904.3823167850514 2362.8090912089815
1457.5232370334302 9437.894718067942 5283.4322270229195 1135.0327523229698
2370.3407663647836 2024.8299609910957 933.447217126343 5657.903830425145
1050.5534154467755 7346.40330149972 4605.948398697652 7671.109708287763
1931.4204211604192 2077.7071868386497 9257.635960791884 1234.4385514402923
8998.896856962687 6908.969199418401 775.3775730336898 5188.580178456667
5929.005943996659 2250.840627412366 4290.239710642949 9178.921199839438
2169.231206701251 3098.082561630016 8575.155350506255 9769.52153170686
2267.0035372815046 1967.2640737070935 5069.932020789794 2882.56156589317
5674.723427256227 8712.085107102095 67.9500715769099 3632.8322729841866
1529.3774114052383 2315.514175043999 5122.257804635027 1707.203175124622
4945.4932798277005 8362.13036344236 1371.4542385746354 804.6947326062348
6950.068374206472 4168.383330578974 4706.674941000098 2237.4433033950527
2380.2813964870406 1604.2175240952017 3460.6032277396894 1836.2705597271179
6109.24816826791 7872.029985155302 8636.464887297905 7787.1825124289935
8727.259806216814 3572.918493083925 8430.93261171681 4616.657411827805
528.9230924478039 5636.848403214771 5069.765622036933 5061.0668441911575
579.9809468493345 2791.3029775761365 5701.142725673397 613.1804864568446
266.98607196143587 4187.826711406317 5243.196706304675 1504.7604659768954
6483.735904316624 2241.812915755955 686.1529687899359 6170.853588068431
1138.5244808284867 4344.9500560771285 950.0312601689753 27.469422421200207
4859.73429296706 9288.700561876154 971.133620243968 1335.3173813317642
5928.863260224803 2624.4581032586566 9015.285982779424 6022.016937347508
7638.262086648283 2672.6114373363453 1959.3053202054778 4810.204865292697
3870.593884695499 9345.90075618662 7500.831848773043 8638.204368093344
4947.688041645416 1867.3796062603399 1410.4436322914128 5142.390781588695
4553.343188193233 2333.3515654892535 8859.279094321366 7260.5118885675065
6587.432669570463 6080.8390300359715 4950.348053198394 8395.206519217956
3990.7926680216033 2851.829075888748 3839.8436993692585 3797.25819651357
3505.7858137121602 4250.5033243784255 1474.8869584091474 8136.688962168803
6611.46072812881 5081.818682965666 5249.064714304746 2812.9044498945245
2448.0578806135654 4480.603313687546 3215.018253634582 3177.0268374653733
777.839067005518 9120.793289717247 7983.764549039827 5758.831043990429
6679.730219263348 5155.020465425823 1082.2865447115248 5527.984050801268
7531.841010760318 7219.178400679937 2736.7984784483015 9445.302465445959
2471.4409078302992 5777.799316786221 5268.427619109857 6856.716072978709
7999.922241515857 9908.915095820419 6389.891175637439 7566.159135521966
9764.822333152326 2933.192742951609 5099.074308745141 6536.724356964655
468.9693803230155 6392.982883114257 1808.4560240067626 7118.9257458081665
3774.3955938490103 9225.594886632784 7378.240970225895 9097.80517221681
8617.101765276911 3177.6258072566743 963.538442799855 1709.1868585111647
2770.8563549060127 363.3598780762315 9860.19512051423 9762.977876516727
4920.777331159951 3762.46674317534 9798.597123330743 258.1000646040188
1161.9997644831958 2203.4807860121928 1001.035808966949 2184.227033249202
2751.6412502371945 3058.0428311660435 3122.3166950179616 1151.8664470392205
2996.8765449015555 3960.4227997909934 1912.1818745105113 3512.449303763353
6619.67027697726 9450.620589221222 7091.9642843353195 8316.461823548936
4169.4480403112775 6250.114719955628 6258.052347662491 824.1427318890926
5698.193746685163 7190.247635559322 1332.098158721069 6077.012629510416
7665.328997787402 6807.050151669992 1666.2989675286144 2403.8149578434677
344.9725582679519 6766.759722955532 7154.751092164102 5865.757274835324
2857.49404372975 9103.865649408892 8932.084304492319 7178.547199943819
4099.982775131604 6260.3874746229485 8022.0400971179515 2083.6088740941427
2078.116650374299 9601.506883382124 1267.0991644482222 964.7337281903467
7181.253956916167 7982.776650561919 3650.4346744819495 6123.950665535517
1705.0688101501864 7801.5516783557 9772.437425301545 9618.074871216846
1445.5871351527783 3579.1668500485152 35.41134365107612 483.2088462218986
2596.791718018817 5574.31210072702 3948.38286065879 9689.999632828629
7476.263236101037 1366.79025677529 9685.567561980859 536.5379044429852
4534.061340464606 5564.445527894732 1062.817193072627 8100.005747840969
4005.6167118747044 3099.9723249347967 4588.407544147239 1549.1964499835408
7605.597589172957 8694.604685690805 8015.82176319156 6159.93443960441
2506.966812909709 4059.8761373986604 7335.196629841011 7189.695534686636
2822.10861145862 3177.5375304900945 4260.0429323650915 4291.687022554093
2463.89162643067 6461.331149921242 5898.454215563283 4628.755572111588
3148.2718850824253 1389.138348451945 7087.320590923979 7390.416639107603
7422.968986622533 7389.69463409014 9677.038832244369 2091.354115079993
3807.4449075994944 6723.203092209164 5835.281686414374 8092.966210478216
3205.582468807692 7372.594654940687 5910.140084750152 5098.162262038813
9251.03845603341 1659.6506523961784 3849.9510471337903 9365.32359675035
3871.1035980396723 5603.458367026202 2570.8320969330443 8621.491976962843
9989.509135139398 9878.152227200322 3841.6664579234593 3748.730626249087
6062.715888715673 4482.70098942891 6530.12250678362 2944.277730441104
6686.903723137057 6113.536580370867 7021.229440670115 2930.618117169701
8738.536247406817 5831.305990733044 419.1176752562431 391.56090858129653
430.9162289958945 4379.6066668705635 3768.5538359121597 9527.312190233064
4093.99941793975 2589.6466967342412 3569.296519806956 1191.8436613498995
921.4913449002394 3268.306690101315 7735.280581713402 4164.622088732436
909.8302311607787 2328.28971949215 7094.602325313278 9425.548775464114
5433.136654277511 3773.4323154334893 7193.205639910227 8547.491878651581
8356.206194779166 1597.8602856656787 2582.6197343266253 4218.161210622585
444.25624217357296 2587.868725047673 4886.280657872959 7777.694339820487
5857.074084499967 8672.28343661884 7773.036726053692 7601.158381834545
4941.875656453704 6021.512770776416 1598.4313362359903 3181.4904492690134
3918.4078379042508 5117.303724682818 3097.5089785601817 1642.5636134855515
9896.372497707227 2636.8694471091712 4922.299503206956 5614.835958337258
6922.5351325779775 8591.27801845519 7147.852863363414 5025.9668369727315
1794.4736226836976 1808.4052627667425 3882.4239581219676 7502.32885393843
7052.16185496312 1838.697143035044 6523.9877351329005 8740.493315155576
3612.8808311172243 773.0917301613327 2277.2899675280055 2115.6047938920897
99.50755607378237 5422.6112980461285 8941.106468301121 1468.3290361804825
8451.177825796161 678.814245072562 7873.425863957433 3944.579221675899
1785.6953315295575 3350.1789203803855 2445.598287387053 9812.86935380955
6539.541363639194 9861.97620689028 9704.988489952211 9992.63344543057
9446.136618174147 1855.1713781612434 1639.7173711783953 5995.316087274837
3400.8352490053708 6541.83753558769 8344.418345771091 441.5511924914994
887.2653789794516 5147.964858624141 2683.1614513486434 4842.16747619632
9666.62999778035 7996.391919745617 8889.598712130753 1590.1309456227452
1696.8640384450885 5965.658423677228 3725.6067106262803 8292.911021952512
8039.900320047299 3036.9585823858956 3266.631184078408 2420.6855993199692
3684.3973542347285 4924.118760004944 5612.159836766272 9942.640612727359
6613.553182322143 7192.7499792268145 8623.290621189703 3746.1634213499196
4883.878572724537 8720.179730478929 1277.3006761562278 1575.3902444417133
118.11103410712343 3201.456838860166 2162.348324392309 1321.3048440109244
1926.0638062732637 9583.319494597772 465.17789738215964 8568.432550557618
8885.78240550209 8921.937892388121 9310.815839404282 1582.129116969404
727.1499123722668 9389.936229753388 2582.5491439569428 9824.6884071623
2413.785286284018 6159.328962537146 3544.2198270712443 1139.885488920237
1150.754411345587 5199.719914029764 747.6675040017233 7942.117292399976
3361.6013941839174 2814.5402151617513 9089.912154455618 8421.964960405643
2347.0486018303636 6956.906543604689 124.66680794886997 8081.836794925727
6257.462491270372 4083.5304003016913 8429.993067943737 6667.655403942516
147.2284718350747 9381.778477557116 8169.372875244044 1757.9900067505916
1330.4536663046963 674.68085683982 5411.272027401945 2254.971296071415
4974.988661004838 6533.317069036792 3142.743945351364 9202.52069766037
5934.331452605996 5441.898203147123 1798.2862839120417 6705.868058816977
8880.762049119016 6599.208019677275 5521.389020390636 4645.959643477803
8450.891337558722 7513.554327251864 1009.0249566076126 2732.5539173127822
5799.384109935098 1693.7713096308682 3551.99338983178 2944.6880240727
5010.816866821225 4139.192164588333 212.63854864209452 2608.625758985841
1894.3996922365059 7429.59334429128 759.4715665904572 3968.3993401012085
6086.975939111811 5248.738608752499 4934.946322064815 3088.6695486799954
2795.98671218375 6938.129605242779 9543.562595011916 6363.557810635179
2839.1882148501136 1077.2094970194446 531.6983759546279 6320.942409573324
5124.922154882064 123.98785599896378 6344.841832246021 4066.4061000940656
3901.4155340080215 2371.750257166371 7232.321835964486 6720.8658800996045
1988.7594865240087 2573.74148121462 2881.6358456161415 9198.753637896943
1801.855860214867 1215.411882114824 4372.535581747566 4470.584446211293
9074.634425042683 2108.0240590401554 2723.4151821245323 3736.7317550978673
5975.10606875431 97.06813937816472 2415.979812275607 4869.660571489286
9493.317164730302 7637.238413867643 2039.7731034376088 7485.126225895921
1615.6236951668857 5480.836476774095 613.6726494943845 9000.927761472609
2008.721177109889 682.7316224601776 2034.4205863741315 1494.540325648287
8094.655009872402 9480.242035734604 4933.684338322303 3362.2176084217726
5220.755796113571 2591.038059042592 4256.28375573756 47.00469030913923
2545.909420248763 1805.2545846511948 391.7755312486082 4410.31895232778
319.5240597562732 1288.15488130821 1839.9439952478601 4438.88594933281
871.2843373023926 7039.312729764137 5311.109433406512 2462.113842380125
3274.598391595053 2015.8050269728878 2337.998654369393 6843.8107806557555
1863.8805662055536 835.9651816811875 4888.719795969076 6605.050578892318
3494.6176356012325 6137.1244765900165 7655.117523743052 6642.731148339961
6408.314509861402 4560.36471397177 8682.836271158341 8397.605257239766
4135.218338752154 687.884295373713 2565.4431977322565 272.8564772189679
9884.09488503744 8016.733762428639 2675.4637167594196 1090.984300890615
2085.9220910304666 6227.033671356973 3290.4093433194057 2067.9874796947406
1356.02963379157 4942.34786089102 9859.410954890354 6205.174526023903
1472.0767814330338 7254.886624581592 8780.927806017642 6164.076489212317
1628.069693103661 1604.0087929869185 2178.3938802004177 9054.442199956939
2684.0855412614815 2643.097886605472 2153.277111006605 6617.853531311874
3234.2908519686653 9013.784643828692 6564.204408291789 7464.994629633948
9297.117490599645 4246.099236763939 6707.757648654702 6174.931430368783
8361.085771089414 395.47259749614483 3763.2240734016286 6501.869719536619
8948.25011862867 7306.902878234638 4551.086083925677 3296.8398086986404
7233.3431701296995 9957.40527706886 2887.56939748023 8043.405678874597
3907.7515402857 580.5065098830431 8072.843428983813 1592.2191946253329
9556.805429970223 1239.0279387987014 4544.470117818032 5995.173178811227
3938.3553930500025 640.0232414200202 3853.185769286711 7333.562792878862
1668.2952856104193 5181.43558815911 9824.312384106237 3424.921392781568
552.4462147551056 110.8450508495451 2031.4500789997935 6599.60247510397
502.3662742518298 5978.815811069705 8636.308379102062 3871.295514326779
8184.527103041593 2923.316756697566 3597.5359686528827 6585.817935323152
9253.062331241052 8119.820911945137 1025.4715661221646 656.969237892423
4695.594698872299 7330.734383423079 3512.7571229508712 9584.67564573013
6575.843282774511 3985.934412126624 9854.670040449777 2433.2342061138665
6249.949026697606 2542.640019795076 7476.041478713947 6344.741350804031
6507.188933926531 6038.29373231946 1277.6942074874996 6863.21281819327
4507.767761242531 8027.200008410226 6745.891160110516 162.63068550851133
3333.8501827617206 8203.500084090898 1325.2000408532895 9397.275928795456
5921.844583321035 7022.663430288385 6966.04030918977 3398.0706138519477
5125.332174843559 3680.760181211482 2298.9100837779174 9768.422772254215
8351.88520444561 50.86907119774886 9799.131133158307 7021.529561519694
6181.535065888721 3114.716550921668 7646.6525396044235 5421.180341434
5531.7638719258175 9245.605957136147 77.48121612162429 3823.4103956298427
3436.126909496984 2647.771369145596 4445.848163208136 5681.530349569073
2942.903643321573 5628.784531229696 1810.7703900647853 250.4147011341684
2959.9445275337475 6535.997456040315 4412.91301054593 756.2782728198658
4172.303381928396 3413.801607445559 5156.085249857139 3282.9735556607952
8063.320820577537 257.88684054543154 2343.4921204411876 570.4540863367258
2965.092803730095 7611.137136167677 1224.6427296455697 5278.158102283008
2883.166833140535 9817.528208410578 1646.0960991322947 8320.012263687306
8966.897421763833 5251.470498044738 3858.1243539681 3028.5219646807705
4589.742562663335 4517.781590715905 9234.120960894566 2709.1817603890377
8456.812342393127 8168.0076524153465 1367.1850555014896 3713.7421949505347
2263.4874562662376 8360.000294289324 2881.6711036832853 4015.903909931593
6395.562449073365 2578.40720030764 571.4970074272529 7039.18556050535
6459.41498305446 612.8890247748564 7747.72453661201 4335.412898158707
9058.452821541227 6326.107909602902 1718.2109706989402 8884.28352517675
1199.252012090235 3193.79747174663 9353.86464100465 6231.897433693143
2696.567488194126 2092.726031821773 462.4176431827054 761.1604588987797
421.7889405926378 5199.8539973857005 5490.53184965122 9140.252493305696
6275.861281262423 7702.444203158569 6703.904565782014 7604.420384036415
66.50879874078863 9771.337080408459 5781.279446373806 2311.024157118059
8891.47246739408 482.37390966521355 5191.195515639697 8888.237757560832
5389.346229231408 3665.6037284671092 3451.952521217185 3529.845729030775
3890.588552690184 7912.253466844253 2264.4097390823126 2403.2958150904415
33.8023896249473 2348.8421485027666 8816.72947314109 5507.306524115638
4810.281836085207 5744.924532881648 6933.799920710677 442.8211126550208
3326.0123967513446 1674.672941696317 8418.057901869259 2286.1559077886795
3467.787163263346 2282.875078465796 6587.302630022729 2784.809417179742
8235.445078412462 6445.635205725381 1031.5752706721214 3871.831181079971
1914.3653349778656 6096.226650058573 4363.206427485406 1361.4304968607282
6131.513655702039 813.3834835653608 9732.283256701901 2743.99337101908
5953.8903548898425 5750.449075115142 4425.966603853665 2830.759577442815
7940.249237820981 971.0318547971885 6699.27425655602 8367.198796340701
4289.994090337002 2598.3234645537955 8477.559482245475 9793.598736735157
2448.269775730284 5910.996949378283 9556.681877691755 9463.974044918066
3771.8526638551307 1881.0401849448344 371.9415378788449 2622.410879223249
3661.8926271291484 6129.693113457005 7528.047542184971 2759.5210803894497
3814.6823762411996 2558.597976187661 1872.9567353032062 5842.078642825125
9569.073726928877 824.5905229095574 7631.095746429785 9468.32510448039
3626.9988786436616 3902.9278528607183 9798.23345906216 156.61216846854953
6433.7621013263615 5671.048761637253 2162.1534846842274 6621.5599193506705
3898.7322545681914 5808.277343642202 1746.1072444272352 7616.360028966976
8155.720493616983 4374.521821149497 8980.887058963246 1943.2518416281341
5423.811300872705 5158.266675604074 1896.0804092436645 6294.192121390008
7478.213955286868 621.0108430365158 9238.632467468358 7587.469791110415
6082.754479245292 9628.961512759786 1028.8653654459445 4857.560142193099
6481.3642785204665 299.70222627520803 9862.511039308476 2878.7793324911095
3612.27573674738 6688.911584474685 8497.69798750679 7366.993522607737
5640.219174332615 192.62972241420707 5855.660235312893 3622.6638973141244
9237.947202983338 9797.241631669607 2476.6808581987143 2946.2693315623756
5327.096094566539 856.2992435179794 2342.5318135477946 7711.002057481224
6976.281912809209 7870.608226067962 942.0250711868083 7657.276235991607
5803.468200245316 8152.65931553358 5212.9177069111975 2186.8790167903894
9622.664337168928 7402.464245831617 8765.001213769568 5226.495931708286
3239.7252798630725 8271.045246860345 5874.415689098537 6508.8143840809935
6719.54771912892 6934.529948837666 4644.130540810214 9308.840453395453
4081.5569680503727 8146.12859218337 5373.210612231124 1658.1891305054241
1506.5506780391668 2374.7062502199155 1567.0833990352874 1792.4821127383373
764.6784891452473 7735.775801450389 2127.7987179398197 4232.361953178147
4825.531637144271 5585.0189717304975 5828.573048673597 8572.523347566137
6509.333417899224 8341.035462775404 1035.2534504460186 2955.2386778221176
195.0650300974932 7312.444122298839 8579.985836970738 9576.528172253733
2061.4878111177513 9497.924436051997 8969.27097176082 6592.634488868318
674.6364414561168 4090.5751056091667 7928.750249489144 8363.699570040393
4349.087638115147 1196.7248158490584 5666.331179051107 9628.833449376885
6833.191595646988 4431.610403654313 8958.103422966085 7336.45026171907
6792.298756239909 3240.5705450445676 8039.284087061967 5168.695562765735
5937.4796442557 4165.523901361971 4629.141197200622 7235.414411890792
7135.620694107743 2385.7509270986457 2542.991413135763 517.9635160365059
7694.383286562083 6847.11141325278 3424.4871594558304 602.4966078079497
9977.281913068826 9832.326049171683 3710.981687609519 5595.437745176442
1141.9490240083153 2606.0668923439266 1126.6405355080556 1364.0720327775723
7517.2344234866605 137.877139125675 5439.482330960998 9941.07556949605
2451.849020537804 733.9896802251877 5654.817378800619 2473.412648509572
902.8695783699247 9372.264991477115 4375.562253350025 8847.62389832675
8131.87193225095 4869.585079816473 8263.014382047078 913.6536371058924
4083.168764106538 2443.074676975161 4829.741675412082 7384.024076669136
2445.3922674882247 1159.400610654585 7739.547196418188 4465.462417150195
2432.668376152749 9569.025373892924 900.0280262617599 7955.600004205367
9852.187503375746 107.152208648843 1142.5055156737685 7941.992547123777
1028.8086166080734 2258.7903123502474 1121.9117228033126 2904.421944414922
5336.710733307925 4651.036535153439 4841.429875780906 1749.0980389178656
1590.7906187359322 7894.542601382312 1143.9012358731727 5293.30726674198
5457.4538712992835 6891.82429195302 9678.603352250868 450.2727185853417
7758.107248053707 9902.491329272623 8943.595273330027 6856.838166077712
8453.310442516879 7520.7986563439235 2301.065103620091 4520.523464051298
9877.550756669103 3821.8836316460815 5441.326544381606 4273.943869675305
2586.754947306823 4483.3845774316815 5524.722699288125 1850.4773826394737
4592.930988385518 2121.8023333965484 673.3485767446567 9977.80134912825
4154.555639523759 8302.369204810082 9132.197856857269 9652.230977409892
5894.559146970715 791.5189955576784 1697.8463067073412 9435.030978685445
3379.9837114844854 1947.3321671641286 5973.476888274288 4840.1527430953265
624.6964943482047 7123.068580213468 6667.804967316414 1129.7897464993566
8109.508720403158 8196.079781818571 119.70471918303804 1078.2801835694156
4433.329559146245 3254.959189316089 1823.6882116786023 9656.203154567866
293.8436505971198 4949.549745000358 3207.857530333581 1862.9820301166844
1736.3263764908443 6564.480123513425 6007.107334930229 6904.278221244191
3104.4653290521705 338.5132605828567 4445.184179899433 5670.017793666643
716.2679408836692 1023.6587175725842 3685.0665215553668 7055.214558220835
9473.104853402989 225.85437197617074 4416.806126105392 9971.160100775063
222.96745136696106 3334.3471884297905 1612.8896049647046 4550.961985354211
4768.054223349921 4892.2595493389845 686.6103468027451 9716.503723230348
8475.614518696113 9315.051844272617 4773.37541440424 7287.445480463679
303.9963097499199 1194.3214998071905 1451.7396589777998 5572.448405173597
3621.4865536726224 1930.6015788204345 7449.90281777978 165.59299026465357
9840.55707162485 2077.0304662055983 1045.8909512498049 8388.48885639241
5036.08449190817 2569.4542255333354 5429.227947271796 1833.884989096729
2519.492225597264 2554.6787214146307 8187.53328974352 2420.420202476853
5127.915232159626 4677.691673469801 7533.297320224375 4562.953197188033
4809.024506441287 8190.703428873919 7533.882348465671 2848.6678119789467
488.44231911681635 986.23313843197 9707.100546095915 8174.289354419465
5812.976178100166 107.38653728127323 283.483862050411 1172.0410123494728
7301.156486592816 4402.326513938103 3124.511591556236 4026.6602464592816
2503.1410280475698 3797.578697857806 3275.2030945227752 1736.2899959940937
4868.391949279877 2691.0896929533133 9458.770393870984 874.9159080168312
2914.2828048806546 2227.720534358828 9312.059971889897 1745.6018190033783
6247.000883493392 5726.417451834892 8566.943705457732 6143.855050884015
6443.915636998943 4939.18914862224 8287.463145751773 7220.30185028286
2821.743875350624 2819.225099085779 1037.9777659977728 7413.141178259607
9068.735276724976 7127.77714775114 6442.232875965952 1361.2191994254342
5810.477565863766 6230.233636775795 1703.9429176547005 9150.431626777521
631.5416684815078 9642.08162675007 9910.558150554432 147.9276106493488
8111.994289435701 7280.082378125361 6547.352365721328 1562.3672624958174
1897.8102156162413 2301.075428391407 9442.214927334617 6627.009644956135
6198.571994394584 6197.42030120781 3137.4573150408623 7208.876322167484
8850.772376481404 2100.0638266241567 3109.2766027680286 7768.794184786973
3654.692570322371 9057.19959698016 7561.753075925819 3748.8760045763247
8783.587443661858 639.7911134909662 9925.017115958113 8947.379143243748
4040.885627466538 3100.6276890997865 3930.5850334200554 2527.1601501201126
2786.517100517384 2589.5077640949758 9853.017472617768 5027.6968411942225
7811.728126769924 7930.323022094066 8390.454073120536 5125.661238140335
3237.094614002387 7247.702278377164 341.55597662803626 1834.3868682483032
3094.2357064901425 7507.956531355747 7861.874819982297 962.1385936385063
6403.158410851982 2892.895930547694 9899.395978117365 2364.688280522189
3106.1983725721852 1078.91825354412 2349.641711008539 6113.409284215546
9524.43829639455 4781.500633866596 7247.969599899421 1932.9340562862428
1830.6943288971834 6174.524906594198 3654.543688075785 8199.837044316686
4821.128354417754 6448.741775676988 5781.713708757603 6479.563792254948
597.9033904620035 4564.767707154989 5927.131155610446 3714.141004256494
4000.1560194003528 4537.92871203613 9204.823523759498 7505.310213290618
5342.115702222172 3505.3493713511784 2579.7751556734847 6096.457796344832
2831.9329489260413 4769.472746285987 1469.3754922663304 5033.651202941795
9273.036820598569 7585.995153473604 8000.373267425201 3611.0554574384246
2685.4280666311947 1461.1283174407408 5962.492368778022 3388.8239063543115
4375.653184243983 3432.9091306202477 4176.151889848942 4233.779641943565
3415.49215335363 1353.8153013750186 7475.411829304145 6827.995282829814
2871.812877252533 2235.553654783451 8492.69261707991 7515.054271490994
2746.5843047806393 8558.50774414797 8997.785568245128 665.8316573902989
9977.641717481787 4554.251834577606 9051.768084276988 7920.862754333589
6278.088966080202 182.2133697126871 844.9908969167063 2227.4318661579896
508.1285163508109 8501.808090950282 3099.832189113173 6844.771286206002
2497.17638748563 3641.8521454500365 8488.255057837876 4363.197635973935
2010.3151547741816 4937.370671068703 7362.654234941425 2517.874964218565
6307.012272583204 1033.7785855094473 5804.161431816124 7698.910759938486
5102.463681364561 7928.987102220581 1610.0223254447276 8794.987381951456
1252.6489505024085 5941.005986927797 5209.357271305231 8743.568367083753
9469.982458108903 412.7147651564178 8489.166902076557 5112.739920499015
1004.8220437505029 7770.248654928622 7226.3016622054265 9069.104887666552
3875.741264167458 3000.8566619983058 5168.724432170564 836.7746601573411
7172.220063688232 8289.177633337615 4893.935238321606 9734.20411567362
9112.584759134925 2662.617350470673 6043.3181061531795 9244.65800991734
3869.720318379557 503.7274910060019 9439.058688543255 3075.5021951566155
5549.220446783184 4585.147450180373 4186.357075662508 8044.8420372625
4264.32482057351 593.7647947082703 9667.225258695213 1125.278632380181
4813.771551392931 9070.64380853176 8972.665881307175 685.3809662513133
9943.6191800222 9454.010320172707 6401.958939697605 7745.540680215193
3305.879888812355 8642.264020580213 676.8663161435029 8176.32538786384
3872.1496599391226 7146.932720341196 3220.55015399895 8167.375972562658
1069.6268856657032 5950.76667587295 2110.9330406896142 9088.097769024535
100.04462643405043 9360.074846184618 7483.499022547542 7724.7193732690475
5828.728156666761 5409.973913293968 9206.926392142184 4231.835902839604
6020.571303615152 6509.9921294058495 1493.3163368314174 653.3582515368586
4121.606441933279 1903.6813335989632 5791.38274222287 57.69553991850196
8618.343264124887 5967.638929205605 2899.900164291267 4452.057558806924
6485.974852480827 4943.7864352435245 4510.754887194895 8822.010962473523
6061.93396074055 2797.433114194109 3898.9955106558928 410.1767851264349
8165.405549685539 856.150271807431 5117.677694096614 4511.224622932407
2292.2101882590187 9200.924956857138 2161.684287074971 3484.339573952001
1045.489577284916 7812.321169722693 4311.367341614293 4631.055111019312
4533.431186466245 2746.4329082855966 474.0450502004212 8169.441408942423
3165.249263007458 208.3542188053089 6126.416808109218 9784.973477198442
9451.168523676264 4954.629601542499 2694.3812965166967 733.2349863255572
1417.3678720915696 7429.821803218497 2977.317920716065 2305.8564510729598
5655.687198593693 3778.213156684682 2529.154305646534 2626.0530719113863
238.78369041889002 4740.430967293278 3943.6030787552077 2948.5125965493276
917.2197437777219 9008.46749247692 8544.253769760318 5215.431702196743
407.034206538347 4497.985858561629 4590.895552970911 2059.2365997468787
4698.659892050252 7160.433061926231 854.9699211023409 931.4102670932756
3423.733296154717 1745.644684278862 4196.315029509023 9643.474931890605
2017.9412727399192 7330.2013589783655 4814.143212298562 442.9928892035495
2692.4194694892876 9335.709746070934 1107.8641561413715 8401.667176679297
9010.800304843617 722.475294067586 8842.40722120162 8614.473213263005
4542.225272707223 9141.80149663141 9837.737527103196 9099.559813696453
5472.3380064749335 4343.20769572141 4991.080965599796 9060.732965249937
8604.698362631112 9327.377583760166 8424.19636229717 3484.511295521847
4717.927608103743 2833.593877158247 7172.306936551106 551.6548117074138
8258.550200945037 5682.425865156533 116.27933626104591 820.6948529224389
5103.616861647825 2162.7298096652303 1318.262798177574 6293.980671227575
2369.1774161255717 8843.134653792456 4159.906491247034 3859.253058641743
1336.6971576580088 7712.7093954793645 9722.945761176885 921.2019623962442
6938.313733637199 1940.5062396770445 6478.924574921395 9950.211329613636
6829.605947419408 4609.256925144366 75.71920054362025 2669.794734598064
4973.0411403278285 1819.8659956876006 9996.968366574305 2661.790538419023
6178.451761891858 3794.7876695803275 7135.815722775919 2104.437693697022
9837.300448763397 8488.414759435202 4947.664621098541 1203.3078813972743
4024.0329360514247 6301.129090928755 1427.000526490685 9490.415249377686
152.30519146044563 4499.741551303407 2821.389424194012 5064.673102493422
4586.486196773778 684.7812718430091 3536.562649424816 9636.246608163912
3734.652846497607 1669.2338582906673 3988.7793726050404 8357.32139556823
7189.622025417321 3438.0523301174117 7555.093075284049 1510.9303381837735
1780.3441208833015 4127.359667856268 7211.245584085425 4265.469826298028
4723.67772484811 7817.041861727649 2676.7092156678273 3448.0443706213828
8851.62620817525 1228.1269817112661 4170.013966495381 4295.8877442958965
1399.0056662287363 5803.083359461165 1182.1742098115208 3965.298629251398
1536.6553950501927 1335.7572191666345 2692.711708456079 4201.541617768902
3961.294952334844 4053.863682665849 6605.4963189353475 9061.85319283763
992.6481824709676 1952.4074242809631 9004.300806611787 4906.155950973472
4998.572538956423 7942.313005924188 2970.6746890062273 6638.612771446707
5832.040329647741 2370.546239543231 9833.644029742321 4091.395166664077
5332.1233677845985 1838.4849681605365 6672.905339147142 7457.3414165505965
9238.960705169902 3948.4676989836507 5079.960174795758 2393.0351644964453
6709.037088442959 7789.230445630398 1704.3601051014211 8145.905264211285
7143.051913396979 9895.537863234575 9227.14250076824 421.9288675285027
6081.647416519025 7647.094605747599 8344.63036375131 1353.4588930323155
6145.535248537367 5638.97935844671 5029.95953048327 3025.8887209597106
4529.211189126202 8398.724146619497 8218.998092896185 101.31796901009626
9805.313252457896 5724.994560002036 7983.994855476085 3262.07272284848
2660.3642612399135 9638.762784985618 1570.959846478276 916.1259567959801
8442.538355056522 9021.250304464245 6639.936643867742 2298.1450379159396
409.09840885416605 3236.569869316466 2950.78299099623 2796.401320759597
6241.548461284001 1468.8746164031863 7711.547097606494 5622.057997820846
4775.176629800119 7416.2807697257995 7147.835790573887 3175.2317538713182
6037.307666266636 9645.114068447638 5511.90517988661 9431.396634210212
8478.606039258446 7430.061493170156 5566.0068637344875 5252.902998896197
6719.383949660643 8860.88891701529 2017.4831885567612 5972.261350443308
7326.7051153999755 2708.283657494096 3169.0626470565053 5363.441103157896
9398.742810497071 5823.661911085392 745.8201990687097 2567.414814879108
8992.630183187503 8228.861503015658 4876.025463675787 1184.430552274961
7504.533390859546 5439.427656189113 1834.43167546969 3518.1719549949066
4119.39525026683 7698.345051559787 6605.921465234188 1937.4466801932565
266.5323892010429 1893.0722032751646 1750.1436036836005 1500.5980047350554
7238.041595288436 5158.1264025120345 213.00771399530905 7757.589785832401
7535.929335281826 1921.167797118819 4122.402182612453 1433.6001890353145
8828.255888705102 3546.0413751956467 3710.1342792016635 1562.7827437346143
3314.2223657283253 5549.5472055961245 9663.854495247388 7282.773261278167
6081.710480132061 4432.538743502096 3936.8443863421166 7840.779649964318
8404.508177828713 389.68247782758425 2874.270101254723 766.0625314848635
9853.391464439404 3961.1414140466604 6515.091463489958 8339.45869780869
4897.259934240821 6375.031675501272 2385.2380175238495 2625.8870868288973
3444.6963645377027 2224.584174860449 1502.7894819686906 946.3688330588104
5070.583695153259 3371.3590784443036 4890.565584580917 1440.992684699529
5738.653178492814 6611.014034203522 4611.7449623267785 959.3602520442612
8940.760663740928 8630.404013613132 2491.681923940291 7660.347171991697
4229.783328315678 9808.363447955155 7606.410965917771 2439.2328957248787
6633.558819748975 7635.525508455637 2456.3664804740683 9408.854610172584
6560.85752289214 4499.7271848804685 2140.740301342977 8494.817729793103
4746.396372110388 3184.9675967184767 967.1418270118193 737.0100225373577
2791.750801226729 1824.1453912073157 4284.297995673867 4441.902273461069
3469.777654992815 7564.868319692109 2659.908807626975 9000.09720683054
3624.6678649393716 4289.411457439869 464.44174714059704 4069.5467956778753
5534.12970210247 1804.2180057981404 7986.841090894827 8497.580692587135
4371.729496172086 7959.076998969779 6085.460521924026 6475.158768016978
7380.158357410037 3919.8102732402594 3161.83464269621 745.20296600458
5490.334196113968 3066.4804665039414 8681.199301582988 9049.113329263868
9514.92974013908 7010.067528209918 6826.531387462023 7545.212767142294
9373.8910547402 3287.36419981145 6587.582652413756 9150.441635687277
1645.3895585085231 4843.312181810018 9677.918133234156 4676.173432554664
3155.5045754884845 8558.112087108651 807.6958719142191 2112.6738524035914
8950.940426029074 1344.5589893203703 8721.484638463 1773.2821945406629
8172.101876981329 128.37466328132652 5951.890539063503 8807.694796926939
5148.106722112895 3635.2430259651937 9777.740907137677 8511.606536658797
6959.082590586807 6673.191475244826 3695.2736236062824 9767.375141874403
8189.561759942142 4640.461499500764 813.399812266663 3636.5557716952667
9030.792715022295 3891.0805843407124 7365.131402868114 6105.343064059284
7523.835119693894 1221.7162094499768 6331.471871798922 2306.3783236941103
5149.75510534766 2306.152868920293 5181.187259338609 6948.147563736578
4723.526301655061 5628.375808945897 2241.450785761089 6042.505159259614
470.7851962209819 2632.1972096143677 5516.001973458306 7644.634691507101
862.6210352148545 2256.4630072956047 4441.046487589117 5906.965803537103
1989.785484547575 9907.924201672236 2872.9141012431446 2357.4480700712465
945.776677651251 5423.114963576766 4245.618300724922 3731.5074112012926
2645.4726699963317 3283.655662179077 7716.731856192671 994.3434932966089
8408.097642483655 8438.552756628267 3023.7642158951526 7506.097721147432
6387.057043262185 4440.478912885064 6571.004135734372 9988.1311158617
7714.996610326145 4866.344935853979 8007.741406910673 4506.509809375071
3852.8173863827033 1702.6414191862616 9233.323780431734 4397.501404935196
6275.492229159675 8825.297521996486 3161.787800269613 2296.518114551415
910.1137763556733 4545.058088136906 3342.4325925612798 8734.365601523732
8262.815793465805 9102.996391426814 4459.880138667183 3479.966652686124
6051.499758564093 9453.940441902203 8588.240097471276 9599.067728757165
7001.129850538942 34.27293207324489 8728.04480871362 575.3588205683757
1791.8547036884136 2180.6257463984502 2639.0784562481294 1994.9100778521067
9643.047537775123 7146.33907649281 932.0424194772203 4600.075294554854
1555.3482127994967 7467.529142347516 7131.172845270925 2308.366393728288
501.33591349705074 7229.890231908858 791.6552776388875 5296.527920692317
6249.935243695255 5421.776963173933 1526.3583130323877 4883.80954809388
5635.040004188674 2659.831473344545 2558.1826285815523 3237.506021605118
8581.276813348202 8499.152404490796 5069.217873441905 959.6582277655841
9015.085657649775 4155.829520681857 4596.976157724214 8737.463374256717
8541.028611455482 8167.706779900742 1740.5180025692812 669.4513393756906
4987.820964541316 2523.8647411623515 3247.3464519271433 7263.2209878512995
9183.807651627241 9859.326981925567 4189.289881482639 6302.1729202350625
673.8806567495692 5967.712203438561 4262.808684160432 3903.06702434701
724.9775810643965 3745.6638271824972 5149.879971045598 4743.42378291911
9297.797389266725 2826.5291427920693 1868.9140967959872 9635.542688538215
7547.287875533727 6733.779481621165 1514.672390297994 9165.587126328679
4766.34659425376 5159.774196287524 5305.260247771097 748.6633832883826
3054.105220515546 1149.4154334936445 5367.666667886637 9767.331670013944
4008.491237142319 1440.143772883974 5671.463980729054 9527.445923168509
3728.915723534877 5148.07490774614 908.581457215114 6949.270117517614
5657.8180446268825 8069.104687323247 6404.363210171277 7516.262872820635
8767.214540384373 9646.546583793684 9971.004546106524 2928.408580243148
3808.980359877111 4584.937802268049 2719.8150740402393 1857.3058952445042
5849.611281987466 1163.6818350735557 3271.6571066281954 1974.5186090721068
9988.892163747561 8748.396619091624 3326.917944590114 2096.96976356787
4520.051342495182 3052.806612377522 5639.184419792499 384.9978878384963
4181.470195986251 5094.214736433752 7593.3032540347185 9521.621004068633
78.98441378749177 3332.5136542417777 7119.1063705291135 9119.968428395698
871.9800500061059 1087.6767776742224 6792.053641353024 9734.992603480827
545.4496149231303 249.54384199566192 3556.0553642573036 3269.067260808142
158.1653040314812 3654.325705905348 6289.691076756823 6712.943147446953
5385.429288050201 962.4775867795277 2596.7135167668607 4590.893090056485
1379.711656345457 3447.910296918197 8483.196679111552 926.0357926271201
897.4788475201756 8091.5407981637045 8911.468408934616 9163.820634848136
2073.26393071555 4369.760463125342 2170.845091248774 4049.9942865314642
9311.169004907271 2105.2746720478012 187.80813494404524 5189.7724472877535
7888.902155078982 2740.1105014230843 4878.538913988788 3759.8291788457095
4379.426229599716 1202.6278587113059 3552.2285165165877 6438.6413456273385
9196.628464605923 7765.627077547874 3033.130914028691 5772.154512530217
3673.3817722989847 4432.784498789645 3167.5311997779245 1610.6797467430868
8628.846556050961 7644.061478932561 8842.506272495815 8854.19658171004
9567.202483626685 7259.052016513142 211.75144936236512 8527.880485288359
2307.521561130016 3557.5022298726667 8152.31748219294 7903.370255833645
9901.352966078994 3027.757836878968 8085.747295396272 4799.618983778076
8747.016092297832 1569.89236967929 1608.6506792075972 8306.861934737844
1859.3720551113101 3181.909874200437 436.0928311442358 5765.461249850518
9136.793588284656 5038.852080542677 1365.8215076156876 6654.7505238997255
2440.909036568439 1834.7279259872573 4182.7075019687 5564.943670975812
6481.286203426675 9486.402547908247 6317.973960827853 5164.296305910259
362.33622997537407 6720.155578792888 3722.1646863763926 8531.732299855183
28.603719837398955 9038.76548314463 6613.685464245413 1851.4774076823014
7971.271471855359 4697.528005888041 3616.3652910128076 5677.0607038555845
3425.893240911948 6244.802483432879 5951.72126602738 1101.5732125022782
7083.218546574507 6695.803085906727 4545.146582195853 3648.841193975909
8633.345166939085 1532.8082032522593 3530.5820831483115 112.03840684940403
1289.6553637684826 2401.398160390936 3324.074947634167 9736.548144950275
8154.402922324634 3858.961128733779 670.0764464203835 923.9125192486108
2704.072179863195 532.3361741729505 6813.958222112884 6528.940989102033
692.6621262157217 9509.453573438868 4165.470248139719 4362.011461965563
4303.246428306531 3113.0747987112363 2441.8792822960268 5218.691526473457
2004.678111400876 2965.978523492847 8351.49460557017 1555.5561658985407
2447.0530752791497 6737.767195997129 9286.222086936774 7407.287484534318
5781.539926545302 1419.448296940483 9805.07256860306 1516.4131335966413
7587.527849474263 3137.6886129901604 5013.3245730752205 2617.710532718355
6271.843746525206 3850.758086585826 8571.691929632747 8238.391820077939
8709.454823986855 3032.8424478616557 225.63050887827174 4871.272878622523
384.88811183457483 9697.096416298673 6341.51759300146 4113.974065621302
3616.6910313080957 3665.895108688527 1200.7897948203472 5214.643871735103
7933.861735549452 3617.3839010914453 1289.6356843875512 6107.143711131191
7500.637025634001 8433.408453992595 7708.368384787385 4257.488979890314
619.678493320005 5586.639691137572 1603.3487780641785 6714.0642138155845
4677.297306538152 177.19803627808673 1651.1031948239652 7524.773305758399
120.49628459656402 9238.039610631846 3232.3689455418125 4303.448216626925
3794.7444360772597 8351.058472510304 2967.4511434411856 1692.8969166441389
7598.0982406086005 2335.112050829914 3688.8581844516953 9977.334478514782
1764.2206051939636 5225.373680719978 1221.7432706033537 2476.3985502448018
3838.0160881988936 345.88158006120915 191.07034578728977 6664.915198882687
8077.890353977464 8217.167147234803 9903.3195585444 3968.8686351583515
2668.848336276399 1954.094247746785 8764.881526308602 7797.5711158762715
1004.9993808446367 6298.485764223801 3860.6802160162756 5640.069986982194
6154.970548901067 9919.826330791637 4910.138637042044 2829.1460245700064
2135.0971076034275 6347.365366041522 9121.189725971157 8551.853456926041
9595.288828813256 5168.785215496161 636.2805682265671 4529.560815229995
3404.6854139307457 3750.0111336221075 3311.3115393049475 5445.299527931637
273.30726206436395 5131.412281268542 2563.8348213224704 332.2962575803834
4090.8463133819773 8199.514091496338 8799.137049076411 2734.0124086913765
794.1030993018194 7845.7840377139455 7942.288832155277 3087.5116865019704
7236.102454743672 550.1432915379601 7064.761729010062 5081.879938428404
8574.256433483706 4964.932699548355 5585.013001870236 924.3626277753891
7363.9978724833945 8618.393433531573 8001.763693417131 531.3307919717713
4819.932099309043 9538.266367935323 3063.0723718087006 2760.806343645804
5770.32584330599 7448.44766488328 7995.048911305485 2093.8737075431736
5219.61922418064 5287.826115581345 2354.1240667042416 1867.9555575990714
5029.784253555731 2425.5235703157696 7634.082170231022 9327.575445011229
4990.5474839429835 246.9202468423759 4325.400520154464 6594.273536121398
8534.146545441628 8268.81722744791 5590.7906989934945 6795.451120312106
7345.519680910534 5080.600970855263 8299.38448733755 6744.183682917989
4024.6639424062005 3161.319833416122 5282.190424185762 4915.705362673602
2380.4970181864273 9668.376801070113 3603.4984924445102 8794.150620461252
7832.098259309327 2992.275150042554 6605.378957173779 7719.567531291594
2554.0285683630304 8828.582398091105 9763.38604398565 5511.179117645346
9939.828443356042 7151.064043241424 7233.514770072325 2399.060903265767
2647.844221730965 2275.5640833029543 9652.349559586431 7426.443562934773
4817.30299721584 1139.1044297316744 4255.140384313154 7711.907427915496
4541.850460283747 6903.421611918114 3056.7304714174848 3304.1154722906663
4322.565578582945 7408.161201349099 6969.154552195996 3440.4967154029155
8292.441685380034 3070.4786308114085 3899.4849506794003 9766.500627578696
6702.9774846558175 5207.617432434278 3082.083741222852 2449.639811500075
2857.107985912769 8730.247308430955 1391.823695960026 5786.470485947934
5495.127373903448 6385.041131622795 434.02958043920137 8402.749708720125
3905.847710460354 3259.863976533668 908.8314930364272 2700.3098464217246
2290.413623960946 903.6920191218268 5926.011099321078 653.0827309126241
6556.0073325606645 2519.186457427498 1197.717411952144 6461.299140437369
5843.012086957653 7339.150073037739 6633.595017814652 3168.66471783124
6883.012605917411 7130.0707082838935 777.2761619276491 5109.80115476295
8269.385256129875 8027.257324233611 4870.09834945827 2053.012230113288
1232.9020001815227 248.07426472366555 4146.802500450194 1816.0943793294337
5078.952900753842 1399.5547900592887 5794.972884036061 540.5252119316606
8653.444932520666 4655.259054936254 3950.8056711600025 1853.3492151886367
2848.376897789867 9256.033455779278 8212.225623095781 3633.658074721067
1149.5758402452639 7395.2100742531675 6420.821388872338 2698.1341183580575
8867.812273091911 6819.119787437786 6871.097032832871 8196.114945899824
5461.375635146236 8709.157215763458 7141.013163714905 2427.576394901725
1830.6618315275591 1186.0336564080387 4699.631936244849 8613.786527091817
4556.332427730763 3947.2176230585533 6132.842101859327 8698.329014318319
4884.788943811414 9537.938320208514 2044.4423560345938 2056.5520325611697
9931.39775642705 3271.0616888306445 5299.226313780056 2166.8957008064936
8297.229780993577 673.6642830167494 1482.8869879653582 7774.168252067187
545.7236319642623 5977.982357668066 5853.888775163605 8537.944149416971
4249.973059048446 3745.872738363898 8553.713977801757 3348.10323917024
3490.2250794917413 3961.1645383896234 5154.667856559996 9243.895499483959
7819.029498555911 5061.521039284318 6612.380230170414 3789.860885088695
1762.7672342688484 1210.7375455811332 7150.318786000836 9959.552856897662
1088.0554742523752 1009.3473650186124 5118.779974501009 431.4638928312631
1193.2455003265397 212.59709228116265 5848.59157674164 2093.925696493758
6039.195559181939 8959.006952973938 9824.57509979482 444.5997194906015
9893.026554482227 4527.421945658574 3589.117051303584 4289.4378685946685
5438.430751235833 5259.152032685831 8133.8753566788655 6767.37559307573
5650.112871746258 7573.705463744173 1881.2374874250727 1330.6712307050261
4025.204735268967 6488.188550211152 4260.203287063675 5985.932082289378
9896.882791895818 6487.043217111675 9351.738903922022 6624.977572674758
7384.179982942512 6371.885183716656 4379.41290378313 6645.330500488111
477.8564451637801 4086.497512853117 6846.607696751074 3635.384763933086
9361.895475699203 9311.147357487864 6966.600310088789 2009.5849142087884
8119.650671472558 1386.0350348240856 5405.844625157582 4556.054007209972
9788.784036497758 7800.459228141194 671.624422054643 805.4985714824292
5644.201462225409 8418.52048192734 1821.0326982737201 187.40247462933013
3942.4864152844384 3137.302214248713 6565.960075397448 6483.132932661848
1409.553272856504 6568.940507435066 7244.075783088989 6789.522591314666
5979.871831588834 2980.1233326121 3214.096407019926 3404.7588007150266
3704.12084064061 6467.943569579985 4000.4449278058296 4882.509880577129
649.0563674470251 8610.669978326037 1410.5247403041355 4068.428968055415
5999.1089363361525 5808.957970101804 9993.759388214065 6540.614340281922
4256.831842631572 5425.418057511344 4302.698482310484 8507.020370166314
