123.144341 -90.630928 3.39319897 0.815865874
-30.0335312 54.5064278 1.26889801 -1.44125271
17.1102924 -14.3607454 2.76375175 0.856829047
75.3487625 -19.5185089 3.0252645 -0.410713971
124.037926 -15.6984491 3.22264624 1.02200806
-31.2223148 -72.5326385 1.59111261 -0.387919486
-52.0368805 63.5276985 1.51465809 -0.366906822
-48.5787125 30.7716656 -0.34979412 2.68399596
25.9235611 -47.6198502 2.97495651 -1.03839016
7.80708408 -84.9750061 3.27902699 -1.17560339
10.7487183 49.2341995 0.314859003 0.626363099
107.710915 -33.8851624 3.29542804 1.17774796
97.553299 -45.3090134 1.43681324 0.624022901
-56.0890007 -26.8904858 0.0936779529 2.71682
-76.9522095 -6.96393681 -1.98953688 2.28902984
-5.92733574 86.2527695 2.31061244 0.757839322
-0.106532604 35.1495705 0.490802616 2.89735889
-24.9570312 -23.6585617 2.11396933 2.34528971
-60.4916229 81.9017258 0.973150432 1.22428524
-74.9942322 90.8226318 0.316011578 0.948755383
22.0481892 103.032433 -1.0478152 0.856818199
-74.0702667 37.3047295 0.710203409 2.67828083
-79.5447388 -81.963623 2.00670505 0.786926687
25.2699528 11.8287106 2.24348378 0.215436354
7.68818903 71.5292206 0.726485908 0.687181413
66.1105499 100.297256 2.50315571 2.11510444
-48.5145683 45.9455795 0.683037102 1.93611777
-52.9178505 15.4687414 1.24872983 2.18525338
68.3768921 70.0359497 2.17635155 -0.368746728
54.2269592 -64.4756241 0.958202958 -0.286089271
-14.341692 -48.4303665 1.31551039 0.800191879
70.525444 -1.04030395 2.83458304 1.08814907
56.2485771 2.32661915 3.32290268 0.00413241982
-33.1589699 -33.1228142 1.68339789 1.97409201
44.7584152 82.9741745 0.605051577 0.796186268
109.050987 3.61291885 3.34135723 0.996704936
-89.2189941 -41.3048515 -0.995309412 2.09871244
102.93792 115.386429 1.41294217 3.01479864
7.5332098 -62.041626 3.10559416 0.827809095
25.652071 28.5833759 0.582937002 -0.298801303
-5.22179317 56.4814339 1.68672061 -0.706443012
36.2804527 -25.7115269 2.45192432 0.435636133
49.5795441 -45.6963921 1.42360115 -1.98930991
-54.3050461 -74.0373611 2.61159062 -0.144637331
-50.5928917 106.230019 0.830525398 2.71419859
-28.6397533 3.14319682 0.779554605 3.07026577
-100.751038 23.8057423 -1.64781833 2.25150084
52.5563354 19.1198196 1.71608949 0.473744929
-11.2523708 118.244232 1.8603667 2.95858622
124.034622 88.5642776 3.24376774 0.933381081
44.8143539 38.2279358 1.89926124 2.32746243
17.4297523 -107.693756 2.23094463 -2.30714822
11.2651911 -36.2911873 2.97701836 -0.511019051
-4.67201519 -36.344696 2.5460813 2.3155911
-34.5798111 -106.020294 2.41035461 -1.27132046
74.7847061 -47.6374054 1.66512537 -0.121355623
114.121765 63.5250053 3.24300385 0.588406861
88.4009476 53.020916 2.23920774 -0.93622762
10.4796305 6.28481817 1.128227 1.57948744
25.7252903 53.6923752 1.51541471 2.61527824
81.4983826 10.2931452 2.91265154 1.80525374
-12.3067551 -10.0720043 1.36521435 2.57811308
90.0905457 -21.0022316 2.88103628 0.574297845
-71.244606 60.7458763 0.612236321 2.26047897
-95.1415405 55.3167305 0.0757424161 2.6997757
-2.46424055 15.8874178 1.3909198 3.15121102
-103.267639 -7.35639095 -2.19471598 0.209416032
0.903856277 -9.81184769 2.36248612 1.89412379
105.596863 -95.833107 2.92293 0.85821414
43.8819885 111.442314 2.70037031 1.92993283
-76.1258469 -26.4706841 -1.32051253 1.29574347
122.796364 -64.2812576 3.23223758 1.09783697
-86.3958359 18.4496117 -0.659513533 2.98646736
-28.1085262 94.7983093 0.665033281 0.746813715
46.0476074 61.2173233 3.14068389 1.5427947
-96.8798981 97.4256592 -1.70723844 1.62883246
38.9953308 -83.6918793 1.8334949 -1.32561576
-92.1322327 73.4554138 -0.828318238 1.75335574
58.0476875 -91.3360291 0.272892058 -0.109677076
-16.259737 -94.8622131 1.79890561 -2.22756743
98.3213196 90.3825531 2.94594693 1.57972586
-100.032288 118.568504 -0.419230431 3.47187185
85.4214096 -103.323219 0.736458778 -0.564793348
-71.4451599 126.263817 0.563853681 3.37086034
-28.5116539 27.1372147 1.28865063 3.20102406
-8.67648411 -70.4955063 1.80819929 -0.52567625
89.4432449 -71.8031464 0.616895795 0.515690207
-41.8096352 -7.15789604 0.336483151 2.15672398
-16.9376278 67.270256 0.403765559 2.21278191
-40.4011765 77.7719955 2.03621483 1.45270574
-15.5979967 19.5326309 1.59110928 1.30222046
78.4127121 122.551422 2.0508368 2.78336
-38.3489113 -56.8897438 0.0123212337 0.0688616633
61.9305992 -24.192625 2.56395888 1.3640368
-63.0141258 -50.0167465 -1.04774714 1.25995469
43.7408409 -5.91706562 1.84420168 0.0146420002
22.6919842 77.5914001 1.40909684 2.14246655
59.9892998 28.1527691 1.86350143 0.712733865
-64.9359741 10.2510204 0.807847023 1.98769164
-38.3906364 120.095184 0.645372152 0.763868213
